0 0.448777 0.116208 0.116208 0.103976
0 0.406728 0.240061 0.105505 0.082569
0 0.351682 0.314985 0.136086 0.119266
0 0.315749 0.431193 0.122324 0.122324
0 0.576453 0.297401 0.087156 0.102446
0 0.637615 0.223242 0.123853 0.110092
0 0.694954 0.128440 0.119266 0.128440
0 0.179664 0.603976 0.159021 0.131498
0 0.324159 0.781346 0.123853 0.107034
0 0.258410 0.892202 0.145260 0.142202
0 0.119266 0.695719 0.142202 0.125382
0 0.069572 0.792813 0.128440 0.151376
0 0.188838 0.135321 0.073394 0.059633
0 0.529817 0.044343 0.088685 0.088685