0 0.451835 0.230122 0.122324 0.102446
0 0.636086 0.465596 0.148318 0.133028
0 0.543578 0.570336 0.140673 0.119266
0 0.073777 0.808104 0.147554 0.136086
0 0.333333 0.064220 0.154434 0.113150
0 0.198777 0.256116 0.136086 0.123853
0 0.949924 0.396024 0.100152 0.125382
0 0.887615 0.487003 0.128440 0.123853
0 0.808104 0.602446 0.125382 0.122324
0 0.389908 0.891437 0.120795 0.094801
0 0.435015 0.750765 0.110092 0.107034
0 0.188073 0.597095 0.111621 0.108563
0 0.075688 0.059633 0.140673 0.116208
0 0.764526 0.286697 0.093272 0.099388
0 0.519878 0.145260 0.090214 0.091743